-26 -76 -14
-26 -96 -4
-6 -92 -2
-26 -88 20
-18 -60 -6
-12 -66 6
-6 -82 26
-40 -22 58
-6 -28 70
-54 -22 8
-36 -22 16
-54 -12 14
-54 -8 34
-46 -58 -12
-48 -70 10
-24 -68 50
-58 -24 38
-42 -34 48
-22 -50 66
-26 -4 60
-58 -38 30
-42 -2 -6
-38 12 6
-12 -34 46
-6 4 62
-30 44 30
-6 20 34
-14 32 -20
-32 2 -38
-58 -32 -22
-38 -52 46
-44 32 20
-48 6 28
-24 60 -2
-10 -74 38
-6 -60 56
-4 -26 34
-26 20 52
-6 -52 34
-6 46 0
-56 -4 -20
-58 -32 -2
-48 -64 36
-8 48 42
-40 14 48
-34 22 -10
-46 34 -4
-12 -56 12
-26 -34 -18
-58 -50 12
28 -66 -12
22 -96 -4
36 -82 16
8 -76 6
18 -58 6
12 -86 30
46 -12 48
40 -22 60
30 -38 64
6 -28 70
52 -16 6
40 -16 16
56 -4 12
58 -6 30
50 -60 -10
50 -62 16
26 -66 52
50 -24 42
14 -52 66
28 -2 60
60 -26 28
40 8 2
12 -32 46
8 6 52
58 -38 44
32 46 30
6 28 30
12 34 -20
38 0 -38
38 -46 50
46 38 16
48 10 26
62 -24 -18
46 -62 46
44 16 44
30 58 -2
6 -28 34
10 -66 42
54 -50 30
26 24 50
6 -52 30
6 48 0
12 50 40
36 26 -16
50 28 0
12 -54 14
32 -32 -22
50 6 -18
58 -26 -2
58 -42 12
-8 12 1
-24 -1 -17
-12 11 9
-26 -21 -10
-19 0 0
-25 4 2
-12 -18 8
-12 -12 -12
11 11 1
26 1 -18
14 12 9
28 -20 -10
20 0 0
27 5 2
12 -18 8
12 -12 -12

